{
 "cells": [
  {
   "cell_type": "code",
   "execution_count": 1,
   "metadata": {},
   "outputs": [],
   "source": [
    "from portfolio_optimization.data_processing import *\n",
    "from portfolio_optimization.data_collection import *\n",
    "from datetime import datetime, timezone, timedelta\n",
    "from tokens.get_assets import *\n",
    "import pandas as pd\n",
    "import numpy as np\n",
    "import matplotlib.pyplot as plt\n",
    "import pypfopt\n",
    "from pypfopt import risk_models, plotting"
   ]
  },
  {
   "cell_type": "code",
   "execution_count": 2,
   "metadata": {},
   "outputs": [
    {
     "name": "stdout",
     "output_type": "stream",
     "text": [
      "High risk tickers: 15\n",
      "Medium risk tickers: 60\n",
      "Low risk tickers: 8\n"
     ]
    },
    {
     "data": {
      "text/html": [
       "<div>\n",
       "<style scoped>\n",
       "    .dataframe tbody tr th:only-of-type {\n",
       "        vertical-align: middle;\n",
       "    }\n",
       "\n",
       "    .dataframe tbody tr th {\n",
       "        vertical-align: top;\n",
       "    }\n",
       "\n",
       "    .dataframe thead th {\n",
       "        text-align: right;\n",
       "    }\n",
       "</style>\n",
       "<table border=\"1\" class=\"dataframe\">\n",
       "  <thead>\n",
       "    <tr style=\"text-align: right;\">\n",
       "      <th></th>\n",
       "      <th>aave</th>\n",
       "      <th>ada</th>\n",
       "      <th>avax</th>\n",
       "      <th>btc</th>\n",
       "      <th>cake</th>\n",
       "      <th>dot</th>\n",
       "      <th>eth</th>\n",
       "      <th>link</th>\n",
       "      <th>matic</th>\n",
       "      <th>sol</th>\n",
       "      <th>uni</th>\n",
       "      <th>bnb</th>\n",
       "      <th>wbtc</th>\n",
       "    </tr>\n",
       "  </thead>\n",
       "  <tbody>\n",
       "    <tr>\n",
       "      <th>2020-07-20</th>\n",
       "      <td>NaN</td>\n",
       "      <td>0.124229</td>\n",
       "      <td>NaN</td>\n",
       "      <td>9218.842311</td>\n",
       "      <td>NaN</td>\n",
       "      <td>NaN</td>\n",
       "      <td>239.358146</td>\n",
       "      <td>8.081399</td>\n",
       "      <td>0.021281</td>\n",
       "      <td>0.923665</td>\n",
       "      <td>NaN</td>\n",
       "      <td>18.029131</td>\n",
       "      <td>9388.378291</td>\n",
       "    </tr>\n",
       "    <tr>\n",
       "      <th>2020-07-21</th>\n",
       "      <td>NaN</td>\n",
       "      <td>0.117977</td>\n",
       "      <td>NaN</td>\n",
       "      <td>9167.190568</td>\n",
       "      <td>NaN</td>\n",
       "      <td>NaN</td>\n",
       "      <td>236.361256</td>\n",
       "      <td>7.274300</td>\n",
       "      <td>0.021755</td>\n",
       "      <td>0.873413</td>\n",
       "      <td>NaN</td>\n",
       "      <td>17.545356</td>\n",
       "      <td>9425.893169</td>\n",
       "    </tr>\n",
       "    <tr>\n",
       "      <th>2020-07-22</th>\n",
       "      <td>NaN</td>\n",
       "      <td>0.123055</td>\n",
       "      <td>NaN</td>\n",
       "      <td>9388.574350</td>\n",
       "      <td>NaN</td>\n",
       "      <td>NaN</td>\n",
       "      <td>245.250595</td>\n",
       "      <td>7.297541</td>\n",
       "      <td>0.021265</td>\n",
       "      <td>0.977347</td>\n",
       "      <td>NaN</td>\n",
       "      <td>17.742509</td>\n",
       "      <td>11268.006679</td>\n",
       "    </tr>\n",
       "    <tr>\n",
       "      <th>2020-07-23</th>\n",
       "      <td>NaN</td>\n",
       "      <td>0.124206</td>\n",
       "      <td>NaN</td>\n",
       "      <td>9531.257430</td>\n",
       "      <td>NaN</td>\n",
       "      <td>NaN</td>\n",
       "      <td>264.199169</td>\n",
       "      <td>7.485817</td>\n",
       "      <td>0.021206</td>\n",
       "      <td>1.041784</td>\n",
       "      <td>NaN</td>\n",
       "      <td>18.018131</td>\n",
       "      <td>11268.006679</td>\n",
       "    </tr>\n",
       "    <tr>\n",
       "      <th>2020-07-24</th>\n",
       "      <td>NaN</td>\n",
       "      <td>0.124161</td>\n",
       "      <td>NaN</td>\n",
       "      <td>9609.166715</td>\n",
       "      <td>NaN</td>\n",
       "      <td>NaN</td>\n",
       "      <td>275.223813</td>\n",
       "      <td>7.895025</td>\n",
       "      <td>0.021143</td>\n",
       "      <td>1.057659</td>\n",
       "      <td>NaN</td>\n",
       "      <td>18.714059</td>\n",
       "      <td>10016.670061</td>\n",
       "    </tr>\n",
       "    <tr>\n",
       "      <th>...</th>\n",
       "      <td>...</td>\n",
       "      <td>...</td>\n",
       "      <td>...</td>\n",
       "      <td>...</td>\n",
       "      <td>...</td>\n",
       "      <td>...</td>\n",
       "      <td>...</td>\n",
       "      <td>...</td>\n",
       "      <td>...</td>\n",
       "      <td>...</td>\n",
       "      <td>...</td>\n",
       "      <td>...</td>\n",
       "      <td>...</td>\n",
       "    </tr>\n",
       "    <tr>\n",
       "      <th>2023-07-16</th>\n",
       "      <td>78.923740</td>\n",
       "      <td>0.325887</td>\n",
       "      <td>14.820432</td>\n",
       "      <td>30290.890596</td>\n",
       "      <td>1.541389</td>\n",
       "      <td>5.426049</td>\n",
       "      <td>1930.717785</td>\n",
       "      <td>6.915486</td>\n",
       "      <td>0.798559</td>\n",
       "      <td>27.395074</td>\n",
       "      <td>5.797465</td>\n",
       "      <td>251.135605</td>\n",
       "      <td>30291.136216</td>\n",
       "    </tr>\n",
       "    <tr>\n",
       "      <th>2023-07-17</th>\n",
       "      <td>76.798893</td>\n",
       "      <td>0.314830</td>\n",
       "      <td>14.285089</td>\n",
       "      <td>30249.772966</td>\n",
       "      <td>1.506001</td>\n",
       "      <td>5.308692</td>\n",
       "      <td>1924.546247</td>\n",
       "      <td>6.615660</td>\n",
       "      <td>0.769067</td>\n",
       "      <td>27.369360</td>\n",
       "      <td>5.722638</td>\n",
       "      <td>243.016990</td>\n",
       "      <td>30258.854090</td>\n",
       "    </tr>\n",
       "    <tr>\n",
       "      <th>2023-07-18</th>\n",
       "      <td>75.178325</td>\n",
       "      <td>0.312459</td>\n",
       "      <td>14.418348</td>\n",
       "      <td>30143.746274</td>\n",
       "      <td>1.548822</td>\n",
       "      <td>5.298416</td>\n",
       "      <td>1912.286380</td>\n",
       "      <td>7.206463</td>\n",
       "      <td>0.778827</td>\n",
       "      <td>26.870350</td>\n",
       "      <td>5.917777</td>\n",
       "      <td>244.155672</td>\n",
       "      <td>30143.746274</td>\n",
       "    </tr>\n",
       "    <tr>\n",
       "      <th>2023-07-19</th>\n",
       "      <td>72.019897</td>\n",
       "      <td>0.306693</td>\n",
       "      <td>13.774274</td>\n",
       "      <td>29835.747408</td>\n",
       "      <td>1.509685</td>\n",
       "      <td>5.177132</td>\n",
       "      <td>1897.399071</td>\n",
       "      <td>6.922395</td>\n",
       "      <td>0.737421</td>\n",
       "      <td>25.506394</td>\n",
       "      <td>5.893603</td>\n",
       "      <td>240.082671</td>\n",
       "      <td>29857.411175</td>\n",
       "    </tr>\n",
       "    <tr>\n",
       "      <th>2023-07-20</th>\n",
       "      <td>71.742563</td>\n",
       "      <td>0.323188</td>\n",
       "      <td>14.001781</td>\n",
       "      <td>29913.029465</td>\n",
       "      <td>1.515887</td>\n",
       "      <td>5.195988</td>\n",
       "      <td>1889.516152</td>\n",
       "      <td>6.913040</td>\n",
       "      <td>0.744861</td>\n",
       "      <td>26.391651</td>\n",
       "      <td>5.877688</td>\n",
       "      <td>241.170490</td>\n",
       "      <td>29911.780046</td>\n",
       "    </tr>\n",
       "  </tbody>\n",
       "</table>\n",
       "<p>1096 rows × 13 columns</p>\n",
       "</div>"
      ],
      "text/plain": [
       "                 aave       ada       avax           btc      cake       dot  \\\n",
       "2020-07-20        NaN  0.124229        NaN   9218.842311       NaN       NaN   \n",
       "2020-07-21        NaN  0.117977        NaN   9167.190568       NaN       NaN   \n",
       "2020-07-22        NaN  0.123055        NaN   9388.574350       NaN       NaN   \n",
       "2020-07-23        NaN  0.124206        NaN   9531.257430       NaN       NaN   \n",
       "2020-07-24        NaN  0.124161        NaN   9609.166715       NaN       NaN   \n",
       "...               ...       ...        ...           ...       ...       ...   \n",
       "2023-07-16  78.923740  0.325887  14.820432  30290.890596  1.541389  5.426049   \n",
       "2023-07-17  76.798893  0.314830  14.285089  30249.772966  1.506001  5.308692   \n",
       "2023-07-18  75.178325  0.312459  14.418348  30143.746274  1.548822  5.298416   \n",
       "2023-07-19  72.019897  0.306693  13.774274  29835.747408  1.509685  5.177132   \n",
       "2023-07-20  71.742563  0.323188  14.001781  29913.029465  1.515887  5.195988   \n",
       "\n",
       "                    eth      link     matic        sol       uni         bnb  \\\n",
       "2020-07-20   239.358146  8.081399  0.021281   0.923665       NaN   18.029131   \n",
       "2020-07-21   236.361256  7.274300  0.021755   0.873413       NaN   17.545356   \n",
       "2020-07-22   245.250595  7.297541  0.021265   0.977347       NaN   17.742509   \n",
       "2020-07-23   264.199169  7.485817  0.021206   1.041784       NaN   18.018131   \n",
       "2020-07-24   275.223813  7.895025  0.021143   1.057659       NaN   18.714059   \n",
       "...                 ...       ...       ...        ...       ...         ...   \n",
       "2023-07-16  1930.717785  6.915486  0.798559  27.395074  5.797465  251.135605   \n",
       "2023-07-17  1924.546247  6.615660  0.769067  27.369360  5.722638  243.016990   \n",
       "2023-07-18  1912.286380  7.206463  0.778827  26.870350  5.917777  244.155672   \n",
       "2023-07-19  1897.399071  6.922395  0.737421  25.506394  5.893603  240.082671   \n",
       "2023-07-20  1889.516152  6.913040  0.744861  26.391651  5.877688  241.170490   \n",
       "\n",
       "                    wbtc  \n",
       "2020-07-20   9388.378291  \n",
       "2020-07-21   9425.893169  \n",
       "2020-07-22  11268.006679  \n",
       "2020-07-23  11268.006679  \n",
       "2020-07-24  10016.670061  \n",
       "...                  ...  \n",
       "2023-07-16  30291.136216  \n",
       "2023-07-17  30258.854090  \n",
       "2023-07-18  30143.746274  \n",
       "2023-07-19  29857.411175  \n",
       "2023-07-20  29911.780046  \n",
       "\n",
       "[1096 rows x 13 columns]"
      ]
     },
     "execution_count": 2,
     "metadata": {},
     "output_type": "execute_result"
    }
   ],
   "source": [
    "asset_list = get_tickers()\n",
    "df = get_historical_prices_for_assets(asset_list['high_risk_tickers'], time_range=timedelta(days=365 * 3))\n",
    "# Print comprehensive statistical summary\n",
    "df"
   ]
  },
  {
   "cell_type": "code",
   "execution_count": 3,
   "metadata": {},
   "outputs": [
    {
     "data": {
      "text/html": [
       "<div>\n",
       "<style scoped>\n",
       "    .dataframe tbody tr th:only-of-type {\n",
       "        vertical-align: middle;\n",
       "    }\n",
       "\n",
       "    .dataframe tbody tr th {\n",
       "        vertical-align: top;\n",
       "    }\n",
       "\n",
       "    .dataframe thead th {\n",
       "        text-align: right;\n",
       "    }\n",
       "</style>\n",
       "<table border=\"1\" class=\"dataframe\">\n",
       "  <thead>\n",
       "    <tr style=\"text-align: right;\">\n",
       "      <th></th>\n",
       "      <th>aave</th>\n",
       "      <th>ada</th>\n",
       "      <th>avax</th>\n",
       "      <th>btc</th>\n",
       "      <th>cake</th>\n",
       "      <th>dot</th>\n",
       "      <th>eth</th>\n",
       "      <th>link</th>\n",
       "      <th>matic</th>\n",
       "      <th>sol</th>\n",
       "      <th>uni</th>\n",
       "      <th>bnb</th>\n",
       "      <th>wbtc</th>\n",
       "    </tr>\n",
       "  </thead>\n",
       "  <tbody>\n",
       "    <tr>\n",
       "      <th>aave</th>\n",
       "      <td>1.000000</td>\n",
       "      <td>0.801299</td>\n",
       "      <td>0.330689</td>\n",
       "      <td>0.823072</td>\n",
       "      <td>0.923674</td>\n",
       "      <td>0.864420</td>\n",
       "      <td>0.586910</td>\n",
       "      <td>0.935713</td>\n",
       "      <td>0.216306</td>\n",
       "      <td>0.340938</td>\n",
       "      <td>0.953679</td>\n",
       "      <td>0.462251</td>\n",
       "      <td>0.823090</td>\n",
       "    </tr>\n",
       "    <tr>\n",
       "      <th>ada</th>\n",
       "      <td>0.801299</td>\n",
       "      <td>1.000000</td>\n",
       "      <td>0.580950</td>\n",
       "      <td>0.825520</td>\n",
       "      <td>0.848180</td>\n",
       "      <td>0.852745</td>\n",
       "      <td>0.838438</td>\n",
       "      <td>0.775243</td>\n",
       "      <td>0.613089</td>\n",
       "      <td>0.723064</td>\n",
       "      <td>0.831287</td>\n",
       "      <td>0.725492</td>\n",
       "      <td>0.825622</td>\n",
       "    </tr>\n",
       "    <tr>\n",
       "      <th>avax</th>\n",
       "      <td>0.330689</td>\n",
       "      <td>0.580950</td>\n",
       "      <td>1.000000</td>\n",
       "      <td>0.661932</td>\n",
       "      <td>0.301132</td>\n",
       "      <td>0.625495</td>\n",
       "      <td>0.828551</td>\n",
       "      <td>0.410891</td>\n",
       "      <td>0.736287</td>\n",
       "      <td>0.890439</td>\n",
       "      <td>0.342243</td>\n",
       "      <td>0.712173</td>\n",
       "      <td>0.661920</td>\n",
       "    </tr>\n",
       "    <tr>\n",
       "      <th>btc</th>\n",
       "      <td>0.823072</td>\n",
       "      <td>0.825520</td>\n",
       "      <td>0.661932</td>\n",
       "      <td>1.000000</td>\n",
       "      <td>0.775975</td>\n",
       "      <td>0.936932</td>\n",
       "      <td>0.846529</td>\n",
       "      <td>0.813552</td>\n",
       "      <td>0.512981</td>\n",
       "      <td>0.668610</td>\n",
       "      <td>0.838471</td>\n",
       "      <td>0.733781</td>\n",
       "      <td>0.999907</td>\n",
       "    </tr>\n",
       "    <tr>\n",
       "      <th>cake</th>\n",
       "      <td>0.923674</td>\n",
       "      <td>0.848180</td>\n",
       "      <td>0.301132</td>\n",
       "      <td>0.775975</td>\n",
       "      <td>1.000000</td>\n",
       "      <td>0.830873</td>\n",
       "      <td>0.648185</td>\n",
       "      <td>0.933188</td>\n",
       "      <td>0.246401</td>\n",
       "      <td>0.407851</td>\n",
       "      <td>0.939702</td>\n",
       "      <td>0.714653</td>\n",
       "      <td>0.775857</td>\n",
       "    </tr>\n",
       "    <tr>\n",
       "      <th>dot</th>\n",
       "      <td>0.864420</td>\n",
       "      <td>0.852745</td>\n",
       "      <td>0.625495</td>\n",
       "      <td>0.936932</td>\n",
       "      <td>0.830873</td>\n",
       "      <td>1.000000</td>\n",
       "      <td>0.774502</td>\n",
       "      <td>0.910102</td>\n",
       "      <td>0.423699</td>\n",
       "      <td>0.669922</td>\n",
       "      <td>0.894637</td>\n",
       "      <td>0.664495</td>\n",
       "      <td>0.937112</td>\n",
       "    </tr>\n",
       "    <tr>\n",
       "      <th>eth</th>\n",
       "      <td>0.586910</td>\n",
       "      <td>0.838438</td>\n",
       "      <td>0.828551</td>\n",
       "      <td>0.846529</td>\n",
       "      <td>0.648185</td>\n",
       "      <td>0.774502</td>\n",
       "      <td>1.000000</td>\n",
       "      <td>0.593206</td>\n",
       "      <td>0.838564</td>\n",
       "      <td>0.874682</td>\n",
       "      <td>0.629506</td>\n",
       "      <td>0.908684</td>\n",
       "      <td>0.846152</td>\n",
       "    </tr>\n",
       "    <tr>\n",
       "      <th>link</th>\n",
       "      <td>0.935713</td>\n",
       "      <td>0.775243</td>\n",
       "      <td>0.410891</td>\n",
       "      <td>0.813552</td>\n",
       "      <td>0.933188</td>\n",
       "      <td>0.910102</td>\n",
       "      <td>0.593206</td>\n",
       "      <td>1.000000</td>\n",
       "      <td>0.238050</td>\n",
       "      <td>0.439343</td>\n",
       "      <td>0.935338</td>\n",
       "      <td>0.468356</td>\n",
       "      <td>0.814383</td>\n",
       "    </tr>\n",
       "    <tr>\n",
       "      <th>matic</th>\n",
       "      <td>0.216306</td>\n",
       "      <td>0.613089</td>\n",
       "      <td>0.736287</td>\n",
       "      <td>0.512981</td>\n",
       "      <td>0.246401</td>\n",
       "      <td>0.423699</td>\n",
       "      <td>0.838564</td>\n",
       "      <td>0.238050</td>\n",
       "      <td>1.000000</td>\n",
       "      <td>0.763339</td>\n",
       "      <td>0.287509</td>\n",
       "      <td>0.837583</td>\n",
       "      <td>0.512155</td>\n",
       "    </tr>\n",
       "    <tr>\n",
       "      <th>sol</th>\n",
       "      <td>0.340938</td>\n",
       "      <td>0.723064</td>\n",
       "      <td>0.890439</td>\n",
       "      <td>0.668610</td>\n",
       "      <td>0.407851</td>\n",
       "      <td>0.669922</td>\n",
       "      <td>0.874682</td>\n",
       "      <td>0.439343</td>\n",
       "      <td>0.763339</td>\n",
       "      <td>1.000000</td>\n",
       "      <td>0.392693</td>\n",
       "      <td>0.740910</td>\n",
       "      <td>0.668726</td>\n",
       "    </tr>\n",
       "    <tr>\n",
       "      <th>uni</th>\n",
       "      <td>0.953679</td>\n",
       "      <td>0.831287</td>\n",
       "      <td>0.342243</td>\n",
       "      <td>0.838471</td>\n",
       "      <td>0.939702</td>\n",
       "      <td>0.894637</td>\n",
       "      <td>0.629506</td>\n",
       "      <td>0.935338</td>\n",
       "      <td>0.287509</td>\n",
       "      <td>0.392693</td>\n",
       "      <td>1.000000</td>\n",
       "      <td>0.584267</td>\n",
       "      <td>0.838439</td>\n",
       "    </tr>\n",
       "    <tr>\n",
       "      <th>bnb</th>\n",
       "      <td>0.462251</td>\n",
       "      <td>0.725492</td>\n",
       "      <td>0.712173</td>\n",
       "      <td>0.733781</td>\n",
       "      <td>0.714653</td>\n",
       "      <td>0.664495</td>\n",
       "      <td>0.908684</td>\n",
       "      <td>0.468356</td>\n",
       "      <td>0.837583</td>\n",
       "      <td>0.740910</td>\n",
       "      <td>0.584267</td>\n",
       "      <td>1.000000</td>\n",
       "      <td>0.732859</td>\n",
       "    </tr>\n",
       "    <tr>\n",
       "      <th>wbtc</th>\n",
       "      <td>0.823090</td>\n",
       "      <td>0.825622</td>\n",
       "      <td>0.661920</td>\n",
       "      <td>0.999907</td>\n",
       "      <td>0.775857</td>\n",
       "      <td>0.937112</td>\n",
       "      <td>0.846152</td>\n",
       "      <td>0.814383</td>\n",
       "      <td>0.512155</td>\n",
       "      <td>0.668726</td>\n",
       "      <td>0.838439</td>\n",
       "      <td>0.732859</td>\n",
       "      <td>1.000000</td>\n",
       "    </tr>\n",
       "  </tbody>\n",
       "</table>\n",
       "</div>"
      ],
      "text/plain": [
       "           aave       ada      avax       btc      cake       dot       eth  \\\n",
       "aave   1.000000  0.801299  0.330689  0.823072  0.923674  0.864420  0.586910   \n",
       "ada    0.801299  1.000000  0.580950  0.825520  0.848180  0.852745  0.838438   \n",
       "avax   0.330689  0.580950  1.000000  0.661932  0.301132  0.625495  0.828551   \n",
       "btc    0.823072  0.825520  0.661932  1.000000  0.775975  0.936932  0.846529   \n",
       "cake   0.923674  0.848180  0.301132  0.775975  1.000000  0.830873  0.648185   \n",
       "dot    0.864420  0.852745  0.625495  0.936932  0.830873  1.000000  0.774502   \n",
       "eth    0.586910  0.838438  0.828551  0.846529  0.648185  0.774502  1.000000   \n",
       "link   0.935713  0.775243  0.410891  0.813552  0.933188  0.910102  0.593206   \n",
       "matic  0.216306  0.613089  0.736287  0.512981  0.246401  0.423699  0.838564   \n",
       "sol    0.340938  0.723064  0.890439  0.668610  0.407851  0.669922  0.874682   \n",
       "uni    0.953679  0.831287  0.342243  0.838471  0.939702  0.894637  0.629506   \n",
       "bnb    0.462251  0.725492  0.712173  0.733781  0.714653  0.664495  0.908684   \n",
       "wbtc   0.823090  0.825622  0.661920  0.999907  0.775857  0.937112  0.846152   \n",
       "\n",
       "           link     matic       sol       uni       bnb      wbtc  \n",
       "aave   0.935713  0.216306  0.340938  0.953679  0.462251  0.823090  \n",
       "ada    0.775243  0.613089  0.723064  0.831287  0.725492  0.825622  \n",
       "avax   0.410891  0.736287  0.890439  0.342243  0.712173  0.661920  \n",
       "btc    0.813552  0.512981  0.668610  0.838471  0.733781  0.999907  \n",
       "cake   0.933188  0.246401  0.407851  0.939702  0.714653  0.775857  \n",
       "dot    0.910102  0.423699  0.669922  0.894637  0.664495  0.937112  \n",
       "eth    0.593206  0.838564  0.874682  0.629506  0.908684  0.846152  \n",
       "link   1.000000  0.238050  0.439343  0.935338  0.468356  0.814383  \n",
       "matic  0.238050  1.000000  0.763339  0.287509  0.837583  0.512155  \n",
       "sol    0.439343  0.763339  1.000000  0.392693  0.740910  0.668726  \n",
       "uni    0.935338  0.287509  0.392693  1.000000  0.584267  0.838439  \n",
       "bnb    0.468356  0.837583  0.740910  0.584267  1.000000  0.732859  \n",
       "wbtc   0.814383  0.512155  0.668726  0.838439  0.732859  1.000000  "
      ]
     },
     "execution_count": 3,
     "metadata": {},
     "output_type": "execute_result"
    },
    {
     "data": {
