{
 "cells": [
  {
   "cell_type": "code",
   "execution_count": 1,
   "metadata": {},
   "outputs": [],
   "source": [
    "from portfolio_optimization.data_processing import *\n",
    "from portfolio_optimization.data_collection import *\n",
    "from datetime import datetime, timezone, timedelta\n",
    "from tokens.get_assets import *\n",
    "import pandas as pd\n",
    "import numpy as np\n",
    "import matplotlib.pyplot as plt\n",
    "import pypfopt\n",
    "from pypfopt import risk_models, plotting"
   ]
  },
  {
   "cell_type": "code",
   "execution_count": 2,
   "metadata": {},
   "outputs": [
    {
     "name": "stdout",
     "output_type": "stream",
     "text": [
      "High risk tickers: 14\n",
      "Medium risk tickers: 60\n",
      "Low risk tickers: 8\n"
     ]
    },
    {
     "name": "stderr",
     "output_type": "stream",
     "text": [
      "/Users/arguiot/Developer/Pyratz/portfolio/portfolio_optimization/data_collection/get_crypto_price_range.py:41: DtypeWarning: Columns (146) have mixed types. Specify dtype option on import or set low_memory=False.\n",
      "  df = pd.read_csv(file)\n",
      "/var/folders/d2/1qh2h9ys19z3375prb_0cb8w0000gn/T/ipykernel_30860/3080830945.py:10: SettingWithCopyWarning: \n",
      "A value is trying to be set on a copy of a slice from a DataFrame\n",
      "\n",
      "See the caveats in the documentation: https://pandas.pydata.org/pandas-docs/stable/user_guide/indexing.html#returning-a-view-versus-a-copy\n",
      "  mcaps.replace(np.nan, 0, inplace=True)\n"
     ]
    },
    {
     "data": {
      "text/html": [
       "<div>\n",
       "<style scoped>\n",
       "    .dataframe tbody tr th:only-of-type {\n",
       "        vertical-align: middle;\n",
       "    }\n",
       "\n",
       "    .dataframe tbody tr th {\n",
       "        vertical-align: top;\n",
       "    }\n",
       "\n",
       "    .dataframe thead th {\n",
       "        text-align: right;\n",
       "    }\n",
       "</style>\n",
       "<table border=\"1\" class=\"dataframe\">\n",
       "  <thead>\n",
       "    <tr style=\"text-align: right;\">\n",
       "      <th></th>\n",
       "      <th>aave</th>\n",
       "      <th>ada</th>\n",
       "      <th>avax</th>\n",
       "      <th>btc</th>\n",
       "      <th>cake</th>\n",
       "      <th>dot</th>\n",
       "      <th>eth</th>\n",
       "      <th>link</th>\n",
       "      <th>matic</th>\n",
       "      <th>sol</th>\n",
       "      <th>uni</th>\n",
       "      <th>bnb</th>\n",
       "      <th>wbtc</th>\n",
       "    </tr>\n",
       "  </thead>\n",
       "  <tbody>\n",
       "    <tr>\n",
       "      <th>2020-07-31</th>\n",
       "      <td>NaN</td>\n",
       "      <td>0.141061</td>\n",
       "      <td>NaN</td>\n",
       "      <td>11135.390726</td>\n",
       "      <td>NaN</td>\n",
       "      <td>NaN</td>\n",
       "      <td>335.964083</td>\n",
       "      <td>7.442294</td>\n",
       "      <td>0.020463</td>\n",
       "      <td>1.688343</td>\n",
       "      <td>NaN</td>\n",
       "      <td>20.042924</td>\n",
       "      <td>10854.381868</td>\n",
       "    </tr>\n",
       "    <tr>\n",
       "      <th>2020-08-01</th>\n",
       "      <td>NaN</td>\n",
       "      <td>0.139477</td>\n",
       "      <td>NaN</td>\n",
       "      <td>11338.197341</td>\n",
       "      <td>NaN</td>\n",
       "      <td>NaN</td>\n",
       "      <td>346.179992</td>\n",
       "      <td>7.778109</td>\n",
       "      <td>0.020328</td>\n",
       "      <td>1.542677</td>\n",
       "      <td>NaN</td>\n",
       "      <td>20.663582</td>\n",
       "      <td>11295.000000</td>\n",
       "    </tr>\n",
       "    <tr>\n",
       "      <th>2020-08-02</th>\n",
       "      <td>NaN</td>\n",
       "      <td>0.145387</td>\n",
       "      <td>NaN</td>\n",
       "      <td>11797.582127</td>\n",
       "      <td>NaN</td>\n",
       "      <td>NaN</td>\n",
       "      <td>387.185885</td>\n",
       "      <td>8.382811</td>\n",
       "      <td>0.021058</td>\n",
       "      <td>1.536201</td>\n",
       "      <td>NaN</td>\n",
       "      <td>21.587749</td>\n",
       "      <td>11986.082006</td>\n",
       "    </tr>\n",
       "    <tr>\n",
       "      <th>2020-08-03</th>\n",
       "      <td>NaN</td>\n",
       "      <td>0.133972</td>\n",
       "      <td>NaN</td>\n",
       "      <td>11094.020684</td>\n",
       "      <td>NaN</td>\n",
       "      <td>NaN</td>\n",
       "      <td>372.180672</td>\n",
       "      <td>8.273066</td>\n",
       "      <td>0.020082</td>\n",
       "      <td>1.728753</td>\n",
       "      <td>NaN</td>\n",
       "      <td>20.889776</td>\n",
       "      <td>11014.108986</td>\n",
       "    </tr>\n",
       "    <tr>\n",
       "      <th>2020-08-04</th>\n",
       "      <td>NaN</td>\n",
       "      <td>0.137087</td>\n",
       "      <td>NaN</td>\n",
       "      <td>11236.095681</td>\n",
       "      <td>NaN</td>\n",
       "      <td>NaN</td>\n",
       "      <td>385.487812</td>\n",
       "      <td>9.094514</td>\n",
       "      <td>0.020526</td>\n",
       "      <td>1.799026</td>\n",
       "      <td>NaN</td>\n",
       "      <td>21.911123</td>\n",
       "      <td>10751.489605</td>\n",
       "    </tr>\n",
       "    <tr>\n",
       "      <th>...</th>\n",
       "      <td>...</td>\n",
       "      <td>...</td>\n",
       "      <td>...</td>\n",
       "      <td>...</td>\n",
       "      <td>...</td>\n",
       "      <td>...</td>\n",
       "      <td>...</td>\n",
       "      <td>...</td>\n",
       "      <td>...</td>\n",
       "      <td>...</td>\n",
       "      <td>...</td>\n",
       "      <td>...</td>\n",
       "      <td>...</td>\n",
       "    </tr>\n",
       "    <tr>\n",
       "      <th>2023-07-27</th>\n",
       "      <td>72.024414</td>\n",
       "      <td>0.306618</td>\n",
       "      <td>13.258232</td>\n",
       "      <td>29361.591758</td>\n",
       "      <td>1.480110</td>\n",
       "      <td>5.236669</td>\n",
       "      <td>1871.168158</td>\n",
       "      <td>7.752525</td>\n",
       "      <td>0.722021</td>\n",
       "      <td>25.193344</td>\n",
       "      <td>5.841330</td>\n",
       "      <td>238.864419</td>\n",
       "      <td>29380.545409</td>\n",
       "    </tr>\n",
       "    <tr>\n",
       "      <th>2023-07-28</th>\n",
       "      <td>72.314889</td>\n",
       "      <td>0.307404</td>\n",
       "      <td>13.138135</td>\n",
       "      <td>29201.686518</td>\n",
       "      <td>1.495088</td>\n",
       "      <td>5.229932</td>\n",
       "      <td>1859.041747</td>\n",
       "      <td>7.984037</td>\n",
       "      <td>0.716054</td>\n",
       "      <td>25.099691</td>\n",
       "      <td>5.863019</td>\n",
       "      <td>240.365195</td>\n",
       "      <td>29216.897974</td>\n",
       "    </tr>\n",
       "    <tr>\n",
       "      <th>2023-07-29</th>\n",
       "      <td>72.863904</td>\n",
       "      <td>0.310223</td>\n",
       "      <td>13.237402</td>\n",
       "      <td>29316.313075</td>\n",
       "      <td>1.513606</td>\n",
       "      <td>5.215896</td>\n",
       "      <td>1875.015270</td>\n",
       "      <td>7.795954</td>\n",
       "      <td>0.709783</td>\n",
       "      <td>24.869877</td>\n",
       "      <td>6.008134</td>\n",
       "      <td>241.931725</td>\n",
       "      <td>29307.518181</td>\n",
       "    </tr>\n",
       "    <tr>\n",
       "      <th>2023-07-30</th>\n",
       "      <td>74.595400</td>\n",
       "      <td>0.312831</td>\n",
       "      <td>13.247351</td>\n",
       "      <td>29360.376179</td>\n",
       "      <td>1.509862</td>\n",
       "      <td>5.250953</td>\n",
       "      <td>1881.002765</td>\n",
       "      <td>7.860116</td>\n",
       "      <td>0.718696</td>\n",
       "      <td>25.197212</td>\n",
       "      <td>6.331960</td>\n",
       "      <td>242.479726</td>\n",
       "      <td>29366.248254</td>\n",
       "    </tr>\n",
       "    <tr>\n",
       "      <th>2023-07-31</th>\n",
       "      <td>70.767403</td>\n",
       "      <td>0.314265</td>\n",
       "      <td>13.125525</td>\n",
       "      <td>29262.836734</td>\n",
       "      <td>1.496378</td>\n",
       "      <td>5.182721</td>\n",
       "      <td>1861.506785</td>\n",
       "      <td>7.549863</td>\n",
       "      <td>0.697424</td>\n",
       "      <td>24.256459</td>\n",
       "      <td>6.409297</td>\n",
       "      <td>242.473997</td>\n",
       "      <td>29283.893473</td>\n",
       "    </tr>\n",
       "  </tbody>\n",
       "</table>\n",
       "<p>1096 rows × 13 columns</p>\n",
       "</div>"
      ],
      "text/plain": [
       "                 aave       ada       avax           btc      cake       dot  \\\n",
       "2020-07-31        NaN  0.141061        NaN  11135.390726       NaN       NaN   \n",
       "2020-08-01        NaN  0.139477        NaN  11338.197341       NaN       NaN   \n",
       "2020-08-02        NaN  0.145387        NaN  11797.582127       NaN       NaN   \n",
       "2020-08-03        NaN  0.133972        NaN  11094.020684       NaN       NaN   \n",
       "2020-08-04        NaN  0.137087        NaN  11236.095681       NaN       NaN   \n",
       "...               ...       ...        ...           ...       ...       ...   \n",
       "2023-07-27  72.024414  0.306618  13.258232  29361.591758  1.480110  5.236669   \n",
       "2023-07-28  72.314889  0.307404  13.138135  29201.686518  1.495088  5.229932   \n",
       "2023-07-29  72.863904  0.310223  13.237402  29316.313075  1.513606  5.215896   \n",
       "2023-07-30  74.595400  0.312831  13.247351  29360.376179  1.509862  5.250953   \n",
       "2023-07-31  70.767403  0.314265  13.125525  29262.836734  1.496378  5.182721   \n",
       "\n",
       "                    eth      link     matic        sol       uni         bnb  \\\n",
       "2020-07-31   335.964083  7.442294  0.020463   1.688343       NaN   20.042924   \n",
       "2020-08-01   346.179992  7.778109  0.020328   1.542677       NaN   20.663582   \n",
       "2020-08-02   387.185885  8.382811  0.021058   1.536201       NaN   21.587749   \n",
       "2020-08-03   372.180672  8.273066  0.020082   1.728753       NaN   20.889776   \n",
       "2020-08-04   385.487812  9.094514  0.020526   1.799026       NaN   21.911123   \n",
       "...                 ...       ...       ...        ...       ...         ...   \n",
       "2023-07-27  1871.168158  7.752525  0.722021  25.193344  5.841330  238.864419   \n",
       "2023-07-28  1859.041747  7.984037  0.716054  25.099691  5.863019  240.365195   \n",
       "2023-07-29  1875.015270  7.795954  0.709783  24.869877  6.008134  241.931725   \n",
       "2023-07-30  1881.002765  7.860116  0.718696  25.197212  6.331960  242.479726   \n",
       "2023-07-31  1861.506785  7.549863  0.697424  24.256459  6.409297  242.473997   \n",
       "\n",
       "                    wbtc  \n",
       "2020-07-31  10854.381868  \n",
       "2020-08-01  11295.000000  \n",
       "2020-08-02  11986.082006  \n",
       "2020-08-03  11014.108986  \n",
       "2020-08-04  10751.489605  \n",
       "...                  ...  \n",
       "2023-07-27  29380.545409  \n",
       "2023-07-28  29216.897974  \n",
       "2023-07-29  29307.518181  \n",
       "2023-07-30  29366.248254  \n",
       "2023-07-31  29283.893473  \n",
       "\n",
       "[1096 rows x 13 columns]"
      ]
     },
     "execution_count": 2,
     "metadata": {},
     "output_type": "execute_result"
    }
   ],
   "source": [
    "asset_list = get_tickers()\n",
    "_df = get_historical_prices_for_assets(asset_list['high_risk_tickers'], time_range=timedelta(days=365 * 3), interested_columns=[\"ReferenceRate\", \"CapMrktEstUSD\"])\n",
    "\n",
    "# Filter out all columns containing `_` in their name\n",
    "df = _df.loc[:, ~_df.columns.str.contains(\"_\")]\n",
    "\n",
    "# Get all the market caps\n",
    "mcaps = _df.loc[:, _df.columns.str.contains(\"CapMrktEstUSD\")]\n",
    "mcaps.columns = mcaps.columns.str.replace(\"_CapMrktEstUSD\", \"\")\n",
    "mcaps.replace(np.nan, 0, inplace=True)\n",
    "# Print comprehensive statistical summary\n",
    "df"
   ]
  },
  {
   "cell_type": "code",
   "execution_count": 3,
   "metadata": {},
   "outputs": [
    {
     "data": {
      "text/html": [
       "<div>\n",
       "<style scoped>\n",
       "    .dataframe tbody tr th:only-of-type {\n",
       "        vertical-align: middle;\n",
       "    }\n",
       "\n",
       "    .dataframe tbody tr th {\n",
       "        vertical-align: top;\n",
       "    }\n",
       "\n",
       "    .dataframe thead th {\n",
       "        text-align: right;\n",
       "    }\n",
       "</style>\n",
       "<table border=\"1\" class=\"dataframe\">\n",
       "  <thead>\n",
       "    <tr style=\"text-align: right;\">\n",
       "      <th></th>\n",
       "      <th>aave</th>\n",
       "      <th>ada</th>\n",
       "      <th>avax</th>\n",
       "      <th>btc</th>\n",
       "      <th>cake</th>\n",
       "      <th>dot</th>\n",
       "      <th>eth</th>\n",
       "      <th>link</th>\n",
       "      <th>matic</th>\n",
       "      <th>sol</th>\n",
       "      <th>uni</th>\n",
       "      <th>bnb</th>\n",
       "      <th>wbtc</th>\n",
       "    </tr>\n",
       "  </thead>\n",
       "  <tbody>\n",
       "    <tr>\n",
       "      <th>aave</th>\n",
       "      <td>1.000000</td>\n",
       "      <td>0.802705</td>\n",
       "      <td>0.334506</td>\n",
       "      <td>0.822493</td>\n",
       "      <td>0.924344</td>\n",
       "      <td>0.865417</td>\n",
       "      <td>0.586702</td>\n",
       "      <td>0.936148</td>\n",
       "      <td>0.218855</td>\n",
       "      <td>0.343635</td>\n",
       "      <td>0.953896</td>\n",
       "      <td>0.464383</td>\n",
       "      <td>0.822510</td>\n",
       "    </tr>\n",
       "    <tr>\n",
       "      <th>ada</th>\n",
       "      <td>0.802705</td>\n",
       "      <td>1.000000</td>\n",
       "      <td>0.583193</td>\n",
       "      <td>0.822944</td>\n",
       "      <td>0.849985</td>\n",
       "      <td>0.853682</td>\n",
       "      <td>0.835698</td>\n",
       "      <td>0.774807</td>\n",
       "      <td>0.608147</td>\n",
       "      <td>0.721360</td>\n",
       "      <td>0.832183</td>\n",
       "      <td>0.722686</td>\n",
       "      <td>0.822950</td>\n",
       "    </tr>\n",
       "    <tr>\n",
       "      <th>avax</th>\n",
       "      <td>0.334506</td>\n",
       "      <td>0.583193</td>\n",
       "      <td>1.000000</td>\n",
       "      <td>0.662112</td>\n",
       "      <td>0.307879</td>\n",
       "      <td>0.627566</td>\n",
       "      <td>0.827888</td>\n",
       "      <td>0.414033</td>\n",
       "      <td>0.736660</td>\n",
       "      <td>0.890685</td>\n",
       "      <td>0.345326</td>\n",
       "      <td>0.712956</td>\n",
       "      <td>0.662098</td>\n",
       "    </tr>\n",
       "    <tr>\n",
       "      <th>btc</th>\n",
       "      <td>0.822493</td>\n",
       "      <td>0.822944</td>\n",
       "      <td>0.662112</td>\n",
       "      <td>1.000000</td>\n",
       "      <td>0.775395</td>\n",
       "      <td>0.935276</td>\n",
       "      <td>0.842699</td>\n",
       "      <td>0.812118</td>\n",
       "      <td>0.502374</td>\n",
       "      <td>0.665868</td>\n",
       "      <td>0.838059</td>\n",
       "      <td>0.726733</td>\n",
       "      <td>0.999927</td>\n",
       "    </tr>\n",
       "    <tr>\n",
       "      <th>cake</th>\n",
       "      <td>0.924344</td>\n",
       "      <td>0.849985</td>\n",
       "      <td>0.307879</td>\n",
       "      <td>0.775395</td>\n",
       "      <td>1.000000</td>\n",
       "      <td>0.832797</td>\n",
       "      <td>0.648954</td>\n",
       "      <td>0.933413</td>\n",
       "      <td>0.253451</td>\n",
       "      <td>0.412125</td>\n",
       "      <td>0.939951</td>\n",
       "      <td>0.718473</td>\n",
       "      <td>0.775275</td>\n",
       "    </tr>\n",
       "    <tr>\n",
       "      <th>dot</th>\n",
       "      <td>0.865417</td>\n",
       "      <td>0.853682</td>\n",
       "      <td>0.627566</td>\n",
       "      <td>0.935276</td>\n",
       "      <td>0.832797</td>\n",
       "      <td>1.000000</td>\n",
       "      <td>0.772878</td>\n",
       "      <td>0.910693</td>\n",
       "      <td>0.424674</td>\n",
       "      <td>0.670762</td>\n",
       "      <td>0.895130</td>\n",
       "      <td>0.664911</td>\n",
       "      <td>0.935457</td>\n",
       "    </tr>\n",
       "    <tr>\n",
       "      <th>eth</th>\n",
       "      <td>0.586702</td>\n",
       "      <td>0.835698</td>\n",
       "      <td>0.827888</td>\n",
       "      <td>0.842699</td>\n",
       "      <td>0.648954</td>\n",
       "      <td>0.772878</td>\n",
       "      <td>1.000000</td>\n",
       "      <td>0.588554</td>\n",
       "      <td>0.834861</td>\n",
       "      <td>0.874961</td>\n",
       "      <td>0.629217</td>\n",
       "      <td>0.905978</td>\n",
       "      <td>0.842471</td>\n",
       "    </tr>\n",
       "    <tr>\n",
       "      <th>link</th>\n",
       "      <td>0.936148</td>\n",
       "      <td>0.774807</td>\n",
       "      <td>0.414033</td>\n",
       "      <td>0.812118</td>\n",
       "      <td>0.933413</td>\n",
       "      <td>0.910693</td>\n",
       "      <td>0.588554</td>\n",
       "      <td>1.000000</td>\n",
       "      <td>0.230822</td>\n",
       "      <td>0.437109</td>\n",
       "      <td>0.935641</td>\n",
       "      <td>0.463570</td>\n",
       "      <td>0.812788</td>\n",
       "    </tr>\n",
       "    <tr>\n",
       "      <th>matic</th>\n",
       "      <td>0.218855</td>\n",
       "      <td>0.608147</td>\n",
       "      <td>0.736660</td>\n",
       "      <td>0.502374</td>\n",
       "      <td>0.253451</td>\n",
       "      <td>0.424674</td>\n",
       "      <td>0.834861</td>\n",
       "      <td>0.230822</td>\n",
       "      <td>1.000000</td>\n",
       "      <td>0.761888</td>\n",
       "      <td>0.289210</td>\n",
       "      <td>0.834031</td>\n",
       "      <td>0.501843</td>\n",
       "    </tr>\n",
       "    <tr>\n",
       "      <th>sol</th>\n",
       "      <td>0.343635</td>\n",
       "      <td>0.721360</td>\n",
       "      <td>0.890685</td>\n",
       "      <td>0.665868</td>\n",
       "      <td>0.412125</td>\n",
       "      <td>0.670762</td>\n",
       "      <td>0.874961</td>\n",
       "      <td>0.437109</td>\n",
       "      <td>0.761888</td>\n",
       "      <td>1.000000</td>\n",
       "      <td>0.394723</td>\n",
       "      <td>0.740354</td>\n",
       "      <td>0.665921</td>\n",
       "    </tr>\n",
       "    <tr>\n",
       "      <th>uni</th>\n",
       "      <td>0.953896</td>\n",
       "      <td>0.832183</td>\n",
       "      <td>0.345326</td>\n",
       "      <td>0.838059</td>\n",
       "      <td>0.939951</td>\n",
       "      <td>0.895130</td>\n",
       "      <td>0.629217</td>\n",
       "      <td>0.935641</td>\n",
       "      <td>0.289210</td>\n",
       "      <td>0.394723</td>\n",
       "      <td>1.000000</td>\n",
       "      <td>0.585445</td>\n",
       "      <td>0.838026</td>\n",
       "    </tr>\n",
       "    <tr>\n",
       "      <th>bnb</th>\n",
       "      <td>0.464383</td>\n",
       "      <td>0.722686</td>\n",
       "      <td>0.712956</td>\n",
       "      <td>0.726733</td>\n",
       "      <td>0.718473</td>\n",
       "      <td>0.664911</td>\n",
       "      <td>0.905978</td>\n",
       "      <td>0.463570</td>\n",
       "      <td>0.834031</td>\n",
       "      <td>0.740354</td>\n",
       "      <td>0.585445</td>\n",
       "      <td>1.000000</td>\n",
       "      <td>0.726095</td>\n",
       "    </tr>\n",
       "    <tr>\n",
       "      <th>wbtc</th>\n",
       "      <td>0.822510</td>\n",
       "      <td>0.822950</td>\n",
       "      <td>0.662098</td>\n",
       "      <td>0.999927</td>\n",
       "      <td>0.775275</td>\n",
       "      <td>0.935457</td>\n",
       "      <td>0.842471</td>\n",
       "      <td>0.812788</td>\n",
       "      <td>0.501843</td>\n",
       "      <td>0.665921</td>\n",
       "      <td>0.838026</td>\n",
       "      <td>0.726095</td>\n",
       "      <td>1.000000</td>\n",
       "    </tr>\n",
       "  </tbody>\n",
       "</table>\n",
       "</div>"
      ],
      "text/plain": [
       "           aave       ada      avax       btc      cake       dot       eth  \\\n",
       "aave   1.000000  0.802705  0.334506  0.822493  0.924344  0.865417  0.586702   \n",
       "ada    0.802705  1.000000  0.583193  0.822944  0.849985  0.853682  0.835698   \n",
       "avax   0.334506  0.583193  1.000000  0.662112  0.307879  0.627566  0.827888   \n",
       "btc    0.822493  0.822944  0.662112  1.000000  0.775395  0.935276  0.842699   \n",
       "cake   0.924344  0.849985  0.307879  0.775395  1.000000  0.832797  0.648954   \n",
       "dot    0.865417  0.853682  0.627566  0.935276  0.832797  1.000000  0.772878   \n",
       "eth    0.586702  0.835698  0.827888  0.842699  0.648954  0.772878  1.000000   \n",
       "link   0.936148  0.774807  0.414033  0.812118  0.933413  0.910693  0.588554   \n",
       "matic  0.218855  0.608147  0.736660  0.502374  0.253451  0.424674  0.834861   \n",
       "sol    0.343635  0.721360  0.890685  0.665868  0.412125  0.670762  0.874961   \n",
       "uni    0.953896  0.832183  0.345326  0.838059  0.939951  0.895130  0.629217   \n",
       "bnb    0.464383  0.722686  0.712956  0.726733  0.718473  0.664911  0.905978   \n",
       "wbtc   0.822510  0.822950  0.662098  0.999927  0.775275  0.935457  0.842471   \n",
       "\n",
       "           link     matic       sol       uni       bnb      wbtc  \n",
       "aave   0.936148  0.218855  0.343635  0.953896  0.464383  0.822510  \n",
       "ada    0.774807  0.608147  0.721360  0.832183  0.722686  0.822950  \n",
       "avax   0.414033  0.736660  0.890685  0.345326  0.712956  0.662098  \n",
       "btc    0.812118  0.502374  0.665868  0.838059  0.726733  0.999927  \n",
       "cake   0.933413  0.253451  0.412125  0.939951  0.718473  0.775275  \n",
       "dot    0.910693  0.424674  0.670762  0.895130  0.664911  0.935457  \n",
       "eth    0.588554  0.834861  0.874961  0.629217  0.905978  0.842471  \n",
       "link   1.000000  0.230822  0.437109  0.935641  0.463570  0.812788  \n",
       "matic  0.230822  1.000000  0.761888  0.289210  0.834031  0.501843  \n",
       "sol    0.437109  0.761888  1.000000  0.394723  0.740354  0.665921  \n",
       "uni    0.935641  0.289210  0.394723  1.000000  0.585445  0.838026  \n",
       "bnb    0.463570  0.834031  0.740354  0.585445  1.000000  0.726095  \n",
       "wbtc   0.812788  0.501843  0.665921  0.838026  0.726095  1.000000  "
      ]
     },
     "execution_count": 3,
     "metadata": {},
     "output_type": "execute_result"
    },
    {
     "data": {
